OLS Regression Results                            
==============================================================================
Dep. Variable:        ENTRIESn_hourly   R-squared:                       0.513
Model:                            OLS   Adj. R-squared:                  0.511
Method:                 Least Squares   F-statistic:                     281.5
Date:                Thu, 24 Dec 2015   Prob (F-statistic):               0.00
Time:                        05:46:44   Log-Likelihood:            -1.1633e+06
No. Observations:              131951   AIC:                         2.327e+06
Df Residuals:                  131458   BIC:                         2.332e+06
Df Model:                         492                                         
Covariance Type:            nonrobust                                         
==============================================================================
                 coef    std err          t      P>|t|      [95.0% Conf. Int.]
------------------------------------------------------------------------------
rain        -105.7327     12.043     -8.779      0.000      -129.337   -82.128
precipi        1.9677     13.718      0.143      0.886       -24.920    28.855
meantempi     -6.4541      0.719     -8.978      0.000        -7.863    -5.045
fog           79.5837     14.645      5.434      0.000        50.880   108.288
weekend     -555.6692     10.033    -55.386      0.000      -575.333  -536.005
unit_R001   2702.1365    120.086     22.502      0.000      2466.769  2937.504
unit_R002   -366.3326    121.093     -3.025      0.002      -603.672  -128.993
unit_R003  -1449.2050    124.753    -11.617      0.000     -1693.718 -1204.692
unit_R004  -1119.9204    123.351     -9.079      0.000     -1361.685  -878.155
unit_R005  -1107.9041    123.701     -8.956      0.000     -1350.355  -865.453
unit_R006   -952.7650    118.725     -8.025      0.000     -1185.463  -720.067
unit_R007  -1297.2009    125.482    -10.338      0.000     -1543.143 -1051.259
unit_R008  -1286.6830    127.779    -10.070      0.000     -1537.127 -1036.239
unit_R009  -1296.7060    124.780    -10.392      0.000     -1541.272 -1052.140
unit_R010   3542.1891    122.043     29.024      0.000      3302.987  3781.392
unit_R011   6481.3449    116.605     55.584      0.000      6252.801  6709.889
unit_R012   5915.3628    113.201     52.255      0.000      5693.491  6137.235
unit_R013    922.9892    118.104      7.815      0.000       691.507  1154.472
unit_R014   2750.9970    118.827     23.151      0.000      2518.098  2983.896
unit_R015   1134.5793    108.997     10.409      0.000       920.947  1348.212
unit_R016   -616.6646    119.363     -5.166      0.000      -850.613  -382.716
unit_R017   2649.9318    119.052     22.259      0.000      2416.591  2883.272
unit_R018   4499.5188    107.660     41.794      0.000      4288.506  4710.531
unit_R019   1352.6689    115.731     11.688      0.000      1125.838  1579.500
unit_R020   4967.2496    113.739     43.672      0.000      4744.323  5190.177
unit_R021   2881.3968    114.046     25.265      0.000      2657.869  3104.925
unit_R022   7087.5337    113.462     62.466      0.000      6865.150  7309.918
unit_R023   4988.6104    117.512     42.452      0.000      4758.288  5218.932
unit_R024   1449.4288    119.036     12.176      0.000      1216.119  1682.738
unit_R025   3460.6739    114.310     30.275      0.000      3236.629  3684.718
unit_R027   1405.1070    116.886     12.021      0.000      1176.012  1634.202
unit_R028   1342.1128    115.550     11.615      0.000      1115.637  1568.589
unit_R029   5041.8995    116.908     43.127      0.000      4812.762  5271.037
unit_R030   1280.3475    116.588     10.982      0.000      1051.837  1508.858
unit_R031   2988.9304    117.522     25.433      0.000      2758.589  3219.271
unit_R032   2578.3941    118.429     21.772      0.000      2346.276  2810.512
unit_R033   6891.1518    115.170     59.835      0.000      6665.421  7116.883
unit_R034   -543.4629    120.584     -4.507      0.000      -779.805  -307.121
unit_R035   1645.4316    117.524     14.001      0.000      1415.086  1875.777
unit_R036   -838.0380    123.352     -6.794      0.000     -1079.806  -596.270
unit_R037   -739.5954    121.650     -6.080      0.000      -978.027  -501.163
unit_R038  -1374.6622    122.993    -11.177      0.000     -1615.726 -1133.599
unit_R039   -853.5466    127.374     -6.701      0.000     -1103.197  -603.896
unit_R040   -380.3111    120.332     -3.161      0.002      -616.160  -144.462
unit_R041   1220.3357    115.165     10.596      0.000       994.614  1446.057
unit_R042   -933.1494    120.980     -7.713      0.000     -1170.267  -696.032
unit_R043   -589.3037     60.912     -9.675      0.000      -708.690  -469.917
unit_R044   2536.4867    110.329     22.990      0.000      2320.243  2752.730
unit_R045   1599.9120    120.132     13.318      0.000      1364.456  1835.368
unit_R046   6558.5200    113.191     57.942      0.000      6336.668  6780.372
unit_R047   3721.8825    119.152     31.237      0.000      3488.347  3955.418
unit_R048      8.2458    118.809      0.069      0.945      -224.617   241.108
unit_R049   1407.7795    119.056     11.824      0.000      1174.431  1641.128
unit_R050   2298.1875    120.652     19.048      0.000      2061.711  2534.664
unit_R051   3481.9978    119.362     29.172      0.000      3248.051  3715.945
unit_R052   -418.1375    124.779     -3.351      0.001      -662.702  -173.573
unit_R053   1601.7734    117.190     13.668      0.000      1372.083  1831.464
unit_R054   -179.5643    119.365     -1.504      0.132      -413.518    54.389
unit_R055   6708.2094    117.209     57.233      0.000      6478.482  6937.937
unit_R056    -30.9262    118.091     -0.262      0.793      -262.383   200.531
unit_R057   3073.1046    118.127     26.015      0.000      2841.577  3304.632
unit_R058   -945.6930    119.689     -7.901      0.000     -1180.282  -711.104
unit_R059   -391.4038    125.151     -3.127      0.002      -636.697  -146.111
unit_R060   -817.9266    121.313     -6.742      0.000     -1055.697  -580.156
unit_R061   -973.5880    126.989     -7.667      0.000     -1222.483  -724.693
unit_R062   2237.0792    119.376     18.740      0.000      2003.104  2471.054
unit_R063   -464.9810    126.991     -3.662      0.000      -713.880  -216.082
unit_R064   -742.4483    124.061     -5.985      0.000      -985.606  -499.290
unit_R065   -755.2752    124.044     -6.089      0.000      -998.398  -512.152
unit_R066  -1322.0362    127.391    -10.378      0.000     -1571.721 -1072.352
unit_R067   -714.5637    128.169     -5.575      0.000      -965.772  -463.355
unit_R068  -1096.9945    128.161     -8.559      0.000     -1348.188  -845.801
unit_R069   -662.0100    124.403     -5.321      0.000      -905.838  -418.181
unit_R070     85.1057    117.228      0.726      0.468      -144.660   314.871
unit_R079   1496.1776    120.089     12.459      0.000      1260.805  1731.551
unit_R080   2245.2601    119.050     18.860      0.000      2011.925  2478.595
unit_R081   1887.6930    118.114     15.982      0.000      1656.192  2119.194
unit_R082   -123.5942    119.051     -1.038      0.299      -356.931   109.743
unit_R083   1376.4302    118.740     11.592      0.000      1143.702  1609.158
unit_R084   5539.0931    102.463     54.060      0.000      5338.268  5739.918
unit_R085    803.3608    116.863      6.874      0.000       574.311  1032.411
unit_R086    821.0983    116.884      7.025      0.000       592.008  1050.188
unit_R087   -407.9457    120.013     -3.399      0.001      -643.168  -172.723
unit_R088   -706.8568    120.753     -5.854      0.000      -943.530  -470.184
unit_R089  -1068.9399    118.754     -9.001      0.000     -1301.695  -836.185
unit_R090  -1152.6450    127.366     -9.050      0.000     -1402.281  -903.009
unit_R091   -444.6738    126.615     -3.512      0.000      -692.837  -196.510
unit_R092    364.1484    120.629      3.019      0.003       127.718   600.579
unit_R093    464.0706    119.659      3.878      0.000       229.542   698.599
unit_R094    156.7158    121.322      1.292      0.196       -81.073   394.504
unit_R095    809.4301    121.633      6.655      0.000       571.031  1047.829
unit_R096    679.6829    118.439      5.739      0.000       447.544   911.822
unit_R097   1294.3426    112.931     11.461      0.000      1073.000  1515.686
unit_R098    510.0667    118.410      4.308      0.000       277.985   742.148
unit_R099    626.1876    117.496      5.329      0.000       395.898   856.477
unit_R100  -1031.7259    120.338     -8.574      0.000     -1267.586  -795.866
unit_R101   1561.3700    118.732     13.150      0.000      1328.658  1794.082
unit_R102   2063.7759    117.214     17.607      0.000      1834.038  2293.514
unit_R103   -207.6974    121.953     -1.703      0.089      -446.723    31.329
unit_R104   -227.4777    120.662     -1.885      0.059      -463.972     9.017
unit_R105   1869.8365    118.740     15.747      0.000      1637.108  2102.565
unit_R106   -503.1421    126.605     -3.974      0.000      -751.285  -254.999
unit_R107   -661.4619    127.386     -5.193      0.000      -911.137  -411.787
unit_R108   3550.5943    120.996     29.345      0.000      3313.444  3787.745
unit_R109    109.9022    120.763      0.910      0.363      -126.792   346.596
unit_R110   1801.0783    120.444     14.954      0.000      1565.010  2037.146
unit_R111   1478.1921    117.509     12.579      0.000      1247.876  1708.508
unit_R112     53.6229    119.053      0.450      0.652      -179.719   286.965
unit_R113    658.8912    121.094      5.441      0.000       421.550   896.233
unit_R114   -665.8557    120.989     -5.503      0.000      -902.992  -428.720
unit_R115   -343.8554    118.749     -2.896      0.004      -576.601  -111.110
unit_R116   1638.6014    118.097     13.875      0.000      1407.134  1870.069
unit_R117   -672.8084    128.558     -5.233      0.000      -924.781  -420.836
unit_R118    261.4320    122.783      2.129      0.033        20.779   502.085
unit_R119    233.4855    120.977      1.930      0.054        -3.627   470.598
unit_R120    168.7553    124.414      1.356      0.175       -75.094   412.604
unit_R121   -165.3021    121.287     -1.363      0.173      -403.023    72.419
unit_R122    868.3547    119.025      7.296      0.000       635.067  1101.642
unit_R123    328.8967    123.374      2.666      0.008        87.086   570.707
unit_R124   -898.8944    124.403     -7.226      0.000     -1142.722  -655.067
unit_R125   -626.5279    120.434     -5.202      0.000      -862.576  -390.479
unit_R126    214.9611    118.414      1.815      0.069       -17.128   447.050
unit_R127   2667.7971    114.035     23.395      0.000      2444.290  2891.304
unit_R128   -649.1053    120.762     -5.375      0.000      -885.796  -412.415
unit_R129    -32.8698    109.718     -0.300      0.764      -247.916   182.176
unit_R130   -776.9589    122.443     -6.345      0.000     -1016.944  -536.974
unit_R131   2412.8010    116.687     20.678      0.000      2184.096  2641.506
unit_R132   2649.4837    119.465     22.178      0.000      2415.334  2883.633
unit_R133     93.7478    123.118      0.761      0.446      -147.561   335.056
unit_R134   -579.3762    121.428     -4.771      0.000      -817.373  -341.380
unit_R135   -237.1963    120.767     -1.964      0.050      -473.898    -0.495
unit_R136    588.2332    121.087      4.858      0.000       350.905   825.561
unit_R137    819.8836    119.683      6.850      0.000       585.308  1054.460
unit_R138   4201.3372    119.490     35.161      0.000      3967.139  4435.535
unit_R139    932.6167    119.363      7.813      0.000       698.667  1166.566
unit_R140   -101.4566    117.611     -0.863      0.388      -331.972   129.058
unit_R141   2488.9011    119.789     20.777      0.000      2254.116  2723.686
unit_R142   1962.2300    120.773     16.247      0.000      1725.517  2198.943
unit_R143   1554.2282    119.469     13.009      0.000      1320.071  1788.386
unit_R144   2263.8713    122.105     18.540      0.000      2024.548  2503.194
unit_R145   -560.8720    122.441     -4.581      0.000      -800.855  -320.889
unit_R146    198.0470    123.126      1.608      0.108       -43.278   439.372
unit_R147   1197.3428    122.096      9.807      0.000       958.037  1436.649
unit_R148   -322.5411    119.787     -2.693      0.007      -557.322   -87.761
unit_R149    142.5309    122.782      1.161      0.246       -98.120   383.182
unit_R150   -285.1203    123.821     -2.303      0.021      -527.807   -42.434
unit_R151    942.1163    117.903      7.991      0.000       711.029  1173.204
unit_R152    511.7777    121.112      4.226      0.000       274.401   749.154
unit_R153    742.6224    120.764      6.149      0.000       505.928   979.317
unit_R154    -32.8287    122.105     -0.269      0.788      -272.152   206.494
unit_R155   -265.2283    121.094     -2.190      0.029      -502.571   -27.886
unit_R156   -433.6046    119.145     -3.639      0.000      -667.126  -200.083
unit_R157   -169.9490    121.766     -1.396      0.163      -408.607    68.709
unit_R158   2664.0684    122.700     21.712      0.000      2423.579  2904.558
unit_R159    639.5579    120.763      5.296      0.000       402.865   876.251
unit_R160   1233.4952    122.760     10.048      0.000       992.889  1474.102
unit_R161     25.5129    116.422      0.219      0.827      -202.673   253.698
unit_R163   1509.2865    117.217     12.876      0.000      1279.544  1739.029
unit_R164   1607.0302    116.108     13.841      0.000      1379.461  1834.599
unit_R165  -1031.8008    120.753     -8.545      0.000     -1268.474  -795.127
unit_R166   1150.5768    121.744      9.451      0.000       911.961  1389.193
unit_R167   1410.7993    120.439     11.714      0.000      1174.741  1646.857
unit_R168   3844.4948    118.518     32.438      0.000      3612.201  4076.788
unit_R169    841.7177    120.767      6.970      0.000       605.016  1078.419
unit_R170   1.053e+04    105.109    100.147      0.000      1.03e+04  1.07e+04
unit_R171    -12.2468    118.207     -0.104      0.917      -243.931   219.437
unit_R172    265.9047    119.359      2.228      0.026        31.963   499.847
unit_R173    -93.4142    107.106     -0.872      0.383      -303.341   116.512
unit_R174    249.2699    123.782      2.014      0.044         6.659   491.881
unit_R175   4463.7589    120.759     36.964      0.000      4227.073  4700.444
unit_R176   2478.0029    117.585     21.074      0.000      2247.539  2708.467
unit_R177   3339.3147    119.426     27.961      0.000      3105.242  3573.388
unit_R178   3758.5947    120.110     31.293      0.000      3523.182  3994.008
unit_R179   6426.6033    115.135     55.818      0.000      6200.940  6652.266
unit_R180    960.3721    121.417      7.910      0.000       722.396  1198.348
unit_R181    130.1935    119.992      1.085      0.278      -104.988   365.375
unit_R182   1226.9446    123.817      9.909      0.000       984.266  1469.623
unit_R183   -722.7489    124.056     -5.826      0.000      -965.897  -479.601
unit_R184   -547.2708    126.620     -4.322      0.000      -795.444  -299.097
unit_R185   -281.2387    122.776     -2.291      0.022      -521.877   -40.601
unit_R186   -395.4033    107.698     -3.671      0.000      -606.489  -184.318
unit_R187    485.0726    121.095      4.006      0.000       247.728   722.417
unit_R188    969.5197    119.376      8.122      0.000       735.544  1203.495
unit_R189     26.9977    123.361      0.219      0.827      -214.788   268.783
unit_R190    808.8106    121.756      6.643      0.000       570.170  1047.451
unit_R191    615.4436    122.437      5.027      0.000       375.469   855.419
unit_R192    639.1584    119.486      5.349      0.000       404.967   873.350
unit_R193    167.3185    121.428      1.378      0.168       -70.677   405.314
unit_R194    399.6504    121.976      3.276      0.001       160.580   638.721
unit_R195   2776.7371    118.129     23.506      0.000      2545.206  3008.269
unit_R196   -216.0929    122.678     -1.761      0.078      -456.540    24.354
unit_R197    500.0102    122.105      4.095      0.000       260.687   739.333
unit_R198    764.9250    119.994      6.375      0.000       529.738  1000.112
unit_R199   -835.7299    120.983     -6.908      0.000     -1072.854  -598.606
unit_R200   -106.4938    121.326     -0.878      0.380      -344.291   131.304
unit_R201   1845.9999    118.836     15.534      0.000      1613.084  2078.916
unit_R202    431.7805    114.893      3.758      0.000       206.591   656.970
unit_R203    166.7966    121.978      1.367      0.171       -72.279   405.872
unit_R204    -28.7991    118.742     -0.243      0.808      -261.531   203.933
unit_R205    255.6975    118.738      2.153      0.031        22.974   488.421
unit_R206    704.3700    120.439      5.848      0.000       468.312   940.428
unit_R207    341.9252    118.728      2.880      0.004       109.220   574.630
unit_R208   1153.5925    119.994      9.614      0.000       918.406  1388.779
unit_R209   -763.1502    126.989     -6.010      0.000     -1012.046  -514.255
unit_R210   -992.3556    122.661     -8.090      0.000     -1232.770  -751.942
unit_R211    390.4169    107.675      3.626      0.000       179.375   601.458
unit_R212    105.4962    120.670      0.874      0.382      -131.014   342.007
unit_R213   -397.5217    123.354     -3.223      0.001      -639.294  -155.749
unit_R214   -886.1070    127.379     -6.956      0.000     -1135.767  -636.447
unit_R215    -20.0816    118.738     -0.169      0.866      -252.807   212.644
unit_R216   -792.6048    120.345     -6.586      0.000     -1028.479  -556.730
unit_R217   -147.1978    126.634     -1.162      0.245      -395.397   101.002
unit_R218    315.8618    116.299      2.716      0.007        87.918   543.805
unit_R219   -357.4759    116.302     -3.074      0.002      -585.426  -129.526
unit_R220   -200.1911    114.863     -1.743      0.081      -425.320    24.938
unit_R221   -168.1325    125.120     -1.344      0.179      -413.366    77.101
unit_R222   1004.0828    121.432      8.269      0.000       766.078  1242.088
unit_R223    524.3716    120.331      4.358      0.000       288.524   760.219
unit_R224   -821.8816    123.716     -6.643      0.000     -1064.364  -579.400
unit_R225   -980.7449    119.673     -8.195      0.000     -1215.301  -746.189
unit_R226   -834.4745    125.871     -6.630      0.000     -1081.180  -587.769
unit_R227   -429.8914    122.005     -3.524      0.000      -669.019  -190.764
unit_R228   -488.4929    123.333     -3.961      0.000      -730.224  -246.762
unit_R229   -962.6309    127.005     -7.579      0.000     -1211.559  -713.703
unit_R230  -1004.1007    122.643     -8.187      0.000     -1244.479  -763.722
unit_R231   -585.7304    121.647     -4.815      0.000      -824.155  -347.305
unit_R232   -517.7038    125.501     -4.125      0.000      -763.684  -271.724
unit_R233   -467.3300    126.611     -3.691      0.000      -715.486  -219.174
unit_R234  -1207.9220    126.631     -9.539      0.000     -1456.117  -959.727
unit_R235   1985.2513    117.499     16.896      0.000      1754.955  2215.548
unit_R236    -73.8203    120.660     -0.612      0.541      -310.312   162.671
unit_R237   -881.5329    126.619     -6.962      0.000     -1129.704  -633.361
unit_R238    476.1298    119.688      3.978      0.000       241.544   710.716
unit_R239   -587.3159    112.666     -5.213      0.000      -808.139  -366.492
unit_R240   1913.7258    120.322     15.905      0.000      1677.897  2149.555
unit_R241  -1134.4298    120.007     -9.453      0.000     -1369.640  -899.219
unit_R242   -975.6683    123.354     -7.909      0.000     -1217.441  -733.896
unit_R243   -204.5348    122.978     -1.663      0.096      -445.569    36.500
unit_R244   -168.8368    111.059     -1.520      0.128      -386.510    48.837
unit_R246   -852.7810    127.001     -6.715      0.000     -1101.701  -603.861
unit_R247  -1382.8797    128.148    -10.791      0.000     -1634.047 -1131.712
unit_R248   1688.2536    120.028     14.065      0.000      1453.000  1923.507
unit_R249   -190.6740    122.325     -1.559      0.119      -430.428    49.080
unit_R250   -555.2987    123.711     -4.489      0.000      -797.770  -312.828
unit_R251   -290.5034    121.310     -2.395      0.017      -528.269   -52.738
unit_R252   -600.3269    120.330     -4.989      0.000      -836.171  -364.483
unit_R253   -809.6455    126.252     -6.413      0.000     -1057.096  -562.195
unit_R254    915.6545    118.112      7.752      0.000       684.156  1147.153
unit_R255   -762.2649    121.988     -6.249      0.000     -1001.360  -523.170
unit_R256   -495.9587    119.044     -4.166      0.000      -729.283  -262.634
unit_R257    257.9855    119.059      2.167      0.030        24.632   491.339
unit_R258    173.3635    120.329      1.441      0.150       -62.479   409.206
unit_R259   -602.3755    124.074     -4.855      0.000      -845.559  -359.192
unit_R260     22.7296    130.125      0.175      0.861      -232.313   277.772
unit_R261    -39.2193    121.969     -0.322      0.748      -278.276   199.838
unit_R262  -1085.6155    129.757     -8.367      0.000     -1339.936  -831.295
unit_R263  -1418.0300    115.414    -12.286      0.000     -1644.240 -1191.820
unit_R264  -1078.6271    118.725     -9.085      0.000     -1311.327  -845.927
unit_R265   -685.2851    125.885     -5.444      0.000      -932.017  -438.553
unit_R266   -645.9239    119.697     -5.396      0.000      -880.528  -411.319
unit_R267    -62.8573    118.844     -0.529      0.597      -295.789   170.074
unit_R268    921.6468    121.429      7.590      0.000       683.648  1159.646
unit_R269   -699.8144    119.361     -5.863      0.000      -933.759  -465.870
unit_R270  -1052.0474    126.997     -8.284      0.000     -1300.959  -803.136
unit_R271  -1198.4869    125.490     -9.550      0.000     -1444.445  -952.529
unit_R272    492.4422    121.098      4.066      0.000       255.093   729.792
unit_R273    -70.2727    125.487     -0.560      0.575      -316.225   175.680
unit_R274   -584.5241    124.769     -4.685      0.000      -829.069  -339.979
unit_R275   -833.4056    110.052     -7.573      0.000     -1049.106  -617.705
unit_R276   -236.5234    116.878     -2.024      0.043      -465.603    -7.444
unit_R277  -1118.9735    129.348     -8.651      0.000     -1372.493  -865.454
unit_R278  -1168.6553    125.149     -9.338      0.000     -1413.945  -923.366
unit_R279   -803.0749    120.642     -6.657      0.000     -1039.531  -566.618
unit_R280   -920.7232    128.947     -7.140      0.000     -1173.458  -667.989
unit_R281   -313.1253    119.979     -2.610      0.009      -548.282   -77.968
unit_R282      9.1488    121.325      0.075      0.940      -228.645   246.943
unit_R283   -639.5539    118.810     -5.383      0.000      -872.419  -406.689
unit_R284   -784.7284    119.680     -6.557      0.000     -1019.298  -550.159
unit_R285   -993.7605    121.267     -8.195      0.000     -1231.442  -756.079
unit_R286   -705.1807    120.417     -5.856      0.000      -941.195  -469.166
unit_R287  -1003.2693    128.167     -7.828      0.000     -1254.474  -752.064
unit_R288    616.2824    122.105      5.047      0.000       376.959   855.605
unit_R289   -849.2473    121.093     -7.013      0.000     -1086.588  -611.907
unit_R290    516.4520    121.439      4.253      0.000       278.435   754.469
unit_R291    158.8652    117.790      1.349      0.177       -72.001   389.731
unit_R292   -794.8140    122.098     -6.510      0.000     -1034.124  -555.504
unit_R293   5557.0738    118.813     46.772      0.000      5324.202  5789.946
unit_R294   -617.2903    123.353     -5.004      0.000      -859.060  -375.521
unit_R295   -927.7412    140.730     -6.592      0.000     -1203.569  -651.914
unit_R296   -738.9058    122.782     -6.018      0.000      -979.557  -498.255
unit_R297   -448.6281    122.100     -3.674      0.000      -687.942  -209.314
unit_R298   -353.7331    120.434     -2.937      0.003      -589.781  -117.685
unit_R299   -847.1093    122.436     -6.919      0.000     -1087.082  -607.137
unit_R300   1035.4047    120.346      8.604      0.000       799.529  1271.280
unit_R301   -254.9259    122.094     -2.088      0.037      -494.227   -15.624
unit_R302    632.0663    120.109      5.262      0.000       396.654   867.479
unit_R303   -337.2448    121.650     -2.772      0.006      -575.677   -98.812
unit_R304   -530.7576    117.187     -4.529      0.000      -760.442  -301.073
unit_R306  -1007.1246    121.740     -8.273      0.000     -1245.732  -768.517
unit_R307  -1211.5808    128.556     -9.425      0.000     -1463.549  -959.613
unit_R308   -788.2791    121.951     -6.464      0.000     -1027.300  -549.258
unit_R309   -740.9499    125.140     -5.921      0.000      -986.221  -495.679
unit_R310      1.4942    121.300      0.012      0.990      -236.251   239.239
unit_R311  -1159.7324    125.145     -9.267      0.000     -1405.013  -914.451
unit_R312  -1263.2088    117.791    -10.724      0.000     -1494.078 -1032.340
unit_R313  -1497.7309    128.546    -11.651      0.000     -1749.679 -1245.783
unit_R314   -690.1122    121.397     -5.685      0.000      -928.049  -452.176
unit_R315   -738.2823    123.126     -5.996      0.000      -979.607  -496.958
unit_R316  -1033.5820    120.436     -8.582      0.000     -1269.634  -797.530
unit_R317   -595.0040    122.441     -4.860      0.000      -834.986  -355.022
unit_R318  -1000.3511    120.657     -8.291      0.000     -1236.837  -763.865
unit_R319    485.0841    119.984      4.043      0.000       249.917   720.251
unit_R320   -509.0438    121.413     -4.193      0.000      -747.012  -271.076
unit_R321   -497.4888    118.114     -4.212      0.000      -728.990  -265.988
unit_R322    194.6262    123.002      1.582      0.114       -46.455   435.708
unit_R323   -343.0516    123.327     -2.782      0.005      -584.770  -101.334
unit_R324    245.7007    120.435      2.040      0.041         9.649   481.752
unit_R325  -1212.6886    125.511     -9.662      0.000     -1458.688  -966.689
unit_R326   -954.9164    122.105     -7.820      0.000     -1194.240  -715.593
unit_R327   -348.9385    121.766     -2.866      0.004      -587.597  -110.280
unit_R328   -404.4135    120.761     -3.349      0.001      -641.103  -167.724
unit_R329  -1063.6102    123.125     -8.638      0.000     -1304.934  -822.287
unit_R330   -573.0775    124.785     -4.593      0.000      -817.653  -328.502
unit_R331   -953.3528    122.442     -7.786      0.000     -1193.337  -713.368
unit_R332   -579.8361    120.434     -4.815      0.000      -815.885  -343.787
unit_R333   -457.6460    120.755     -3.790      0.000      -694.324  -220.968
unit_R334   -334.3086    120.757     -2.768      0.006      -570.991   -97.626
unit_R335  -1180.3535    129.756     -9.097      0.000     -1434.672  -926.035
unit_R336  -1556.6168    128.537    -12.110      0.000     -1808.547 -1304.687
unit_R337  -1493.1777    126.619    -11.793      0.000     -1741.350 -1245.006
unit_R338  -1598.7222    123.704    -12.924      0.000     -1841.179 -1356.265
unit_R339   -827.3696    118.524     -6.981      0.000     -1059.674  -595.065
unit_R340   -815.0758    123.465     -6.602      0.000     -1057.065  -573.087
unit_R341  -1052.6842    121.651     -8.653      0.000     -1291.118  -814.250
unit_R342   -600.1330    121.428     -4.942      0.000      -838.129  -362.137
unit_R343   -554.5230    121.100     -4.579      0.000      -791.877  -317.169
unit_R344  -1126.8372    127.752     -8.820      0.000     -1377.229  -876.445
unit_R345  -1093.3892    125.143     -8.737      0.000     -1338.666  -848.112
unit_R346   -415.5955    119.961     -3.464      0.001      -650.718  -180.474
unit_R347   -565.4732    122.105     -4.631      0.000      -804.796  -326.150
unit_R348  -1434.7404    124.787    -11.498      0.000     -1679.320 -1190.161
unit_R349   -673.0964    123.127     -5.467      0.000      -914.423  -431.769
unit_R350   -919.4697    122.441     -7.509      0.000     -1159.452  -679.487
unit_R352   -862.7817    129.848     -6.645      0.000     -1117.282  -608.282
unit_R353   -650.7976    121.100     -5.374      0.000      -888.151  -413.444
unit_R354  -1400.7269    127.777    -10.962      0.000     -1651.167 -1150.287
unit_R355   -963.4529    119.786     -8.043      0.000     -1198.232  -728.674
unit_R356   -486.6393    123.698     -3.934      0.000      -729.085  -244.194
unit_R357  -1142.4232    122.105     -9.356      0.000     -1381.746  -903.100
unit_R358  -1355.6856    127.392    -10.642      0.000     -1605.371 -1106.000
unit_R359    669.4699    108.785      6.154      0.000       456.254   882.686
unit_R360  -1148.0841    122.768     -9.352      0.000     -1388.708  -907.461
unit_R361   -111.9174    118.526     -0.944      0.345      -344.226   120.391
unit_R362   -519.2459    127.486     -4.073      0.000      -769.116  -269.376
unit_R363   -849.7165    121.425     -6.998      0.000     -1087.708  -611.725
unit_R364   -314.0150    120.768     -2.600      0.009      -550.717   -77.313
unit_R365   -849.3187    122.781     -6.917      0.000     -1089.967  -608.670
unit_R366   -697.2197    121.759     -5.726      0.000      -935.865  -458.574
unit_R367   -565.0732    122.105     -4.628      0.000      -804.396  -325.750
unit_R368   -565.2827    124.172     -4.552      0.000      -808.657  -321.908
unit_R369   -819.9865    121.765     -6.734      0.000     -1058.644  -581.329
unit_R370  -1074.2997    123.356     -8.709      0.000     -1316.075  -832.525
unit_R371   -857.9618    124.056     -6.916      0.000     -1101.110  -614.814
unit_R372   -896.4866    126.628     -7.080      0.000     -1144.674  -648.299
unit_R373   -957.8145    127.380     -7.519      0.000     -1207.478  -708.151
unit_R374   -437.8674    122.438     -3.576      0.000      -677.844  -197.891
unit_R375   -696.4830    121.436     -5.735      0.000      -934.496  -458.470
unit_R376   -807.2065    122.105     -6.611      0.000     -1046.530  -567.883
unit_R377    -98.5078    122.105     -0.807      0.420      -337.831   140.815
unit_R378    112.9435    122.105      0.925      0.355      -126.380   352.267
unit_R379   -638.6700    122.442     -5.216      0.000      -878.654  -398.686
unit_R380   -448.6565    122.105     -3.674      0.000      -687.980  -209.333
unit_R381   -479.8676    122.105     -3.930      0.000      -719.191  -240.545
unit_R382   -659.0585    123.714     -5.327      0.000      -901.535  -416.582
unit_R383   -726.4508    121.764     -5.966      0.000      -965.107  -487.795
unit_R384   -948.3454    122.105     -7.767      0.000     -1187.668  -709.022
unit_R385   -222.0360    119.787     -1.854      0.064      -456.815    12.743
unit_R386   -321.5732    122.105     -2.634      0.008      -560.896   -82.250
unit_R387   -279.6959    118.521     -2.360      0.018      -511.996   -47.396
unit_R388   -245.1163    122.100     -2.008      0.045      -484.430    -5.803
unit_R389   -936.8312    122.437     -7.652      0.000     -1176.805  -696.857
unit_R390    245.4921    123.125      1.994      0.046         4.169   486.816
unit_R391   -384.2693    121.433     -3.164      0.002      -622.277  -146.262
unit_R392   -416.1121    122.105     -3.408      0.001      -655.435  -176.789
unit_R393   -727.7565    122.105     -5.960      0.000      -967.080  -488.433
unit_R394   -269.4180    123.123     -2.188      0.029      -510.737   -28.099
unit_R395   -553.7669    123.125     -4.498      0.000      -795.090  -312.444
unit_R396   -726.2086    122.442     -5.931      0.000      -966.194  -486.224
unit_R397   -931.5359    123.126     -7.566      0.000     -1172.860  -690.212
unit_R398   -461.9844    123.124     -3.752      0.000      -703.306  -220.663
unit_R399   -747.1565    122.105     -6.119      0.000      -986.480  -507.833
unit_R400   -866.8536    122.442     -7.080      0.000     -1106.839  -626.869
unit_R401   -945.7932    121.089     -7.811      0.000     -1183.126  -708.460
unit_R402   -982.5463    122.442     -8.025      0.000     -1222.530  -742.563
unit_R403   -778.0262    123.474     -6.301      0.000     -1020.033  -536.020
unit_R404   -557.2790    123.821     -4.501      0.000      -799.965  -314.593
unit_R405   -597.1459    122.781     -4.864      0.000      -837.794  -356.497
unit_R406   -289.1576    121.755     -2.375      0.018      -527.795   -50.520
unit_R407   -887.6474    122.443     -7.250      0.000     -1127.633  -647.662
unit_R408     21.8696    120.443      0.182      0.856      -214.196   257.935
unit_R409   -718.6905    120.439     -5.967      0.000      -954.748  -482.633
unit_R411  -1002.7232    122.105     -8.212      0.000     -1242.046  -763.400
unit_R412  -1001.3675    122.782     -8.156      0.000     -1242.017  -760.718
unit_R413   -822.1124    122.437     -6.715      0.000     -1062.087  -582.138
unit_R414  -1006.4676    122.105     -8.243      0.000     -1245.791  -767.145
unit_R415  -1285.7243    120.101    -10.705      0.000     -1521.120 -1050.329
unit_R416  -1092.7919    122.093     -8.950      0.000     -1332.092  -853.492
unit_R417  -1211.0851    134.102     -9.031      0.000     -1473.922  -948.248
unit_R418  -1279.7561    123.447    -10.367      0.000     -1521.711 -1037.802
unit_R419  -1198.2621    122.442     -9.786      0.000     -1438.247  -958.277
unit_R420   -682.5690    121.428     -5.621      0.000      -920.565  -444.573
unit_R421   -989.8003    122.441     -8.084      0.000     -1229.783  -749.817
unit_R422  -1113.8672    123.115     -9.047      0.000     -1355.171  -872.564
unit_R423   -821.6573    121.433     -6.766      0.000     -1059.663  -583.652
unit_R424  -1214.9860    127.377     -9.538      0.000     -1464.643  -965.329
unit_R425   -984.9579    123.127     -8.000      0.000     -1226.284  -743.632
unit_R426  -1083.2661    121.433     -8.921      0.000     -1321.272  -845.260
unit_R427  -1051.1393    122.784     -8.561      0.000     -1291.794  -810.485
unit_R428   -863.8510    122.105     -7.075      0.000     -1103.174  -624.528
unit_R429   -603.6804    119.686     -5.044      0.000      -838.263  -369.097
unit_R430   -865.0928    124.170     -6.967      0.000     -1108.464  -621.722
unit_R431   -681.6604    122.433     -5.568      0.000      -921.628  -441.693
unit_R432   -855.2567    123.470     -6.927      0.000     -1097.257  -613.257
unit_R433   -955.3892    123.824     -7.716      0.000     -1198.082  -712.696
unit_R434   -913.2024    123.823     -7.375      0.000     -1155.893  -670.512
unit_R435   -838.7204    123.823     -6.774      0.000     -1081.411  -596.030
unit_R436   -832.0365    120.758     -6.890      0.000     -1068.721  -595.352
unit_R437   -580.3410    122.784     -4.727      0.000      -820.995  -339.687
unit_R438   -569.9766    123.470     -4.616      0.000      -811.976  -327.978
unit_R439   -629.9350    120.426     -5.231      0.000      -865.967  -393.903
unit_R440   -925.1274    124.174     -7.450      0.000     -1168.507  -681.748
unit_R441   -882.8762    123.823     -7.130      0.000     -1125.566  -640.186
unit_R442   -883.3621    122.105     -7.234      0.000     -1122.685  -644.039
unit_R443   -382.3732    122.105     -3.132      0.002      -621.696  -143.050
unit_R444   -847.0558    122.783     -6.899      0.000     -1087.708  -606.404
unit_R445   -250.4598    122.100     -2.051      0.040      -489.774   -11.145
unit_R446   -414.7076    121.433     -3.415      0.001      -652.714  -176.701
unit_R447   -796.7925    121.754     -6.544      0.000     -1035.427  -558.158
unit_R448  -1202.1888    117.288    -10.250      0.000     -1432.070  -972.307
unit_R449   -675.9232    122.105     -5.536      0.000      -915.246  -436.600
unit_R450   -755.4308    126.345     -5.979      0.000     -1003.065  -507.796
unit_R451   -343.7739    120.434     -2.854      0.004      -579.822  -107.726
unit_R452   4472.9156    120.768     37.037      0.000      4236.213  4709.618
unit_R453    221.6616    129.743      1.708      0.088       -32.633   475.957
unit_R454  -1475.3235    127.009    -11.616      0.000     -1724.259 -1226.388
unit_R455  -1506.0541    126.234    -11.931      0.000     -1753.470 -1258.638
unit_R456  -1302.4552    119.666    -10.884      0.000     -1536.998 -1067.913
unit_R459  -1508.4590    179.366     -8.410      0.000     -1860.013 -1156.905
unit_R460    270.2049    120.781      2.237      0.025        33.477   506.933
unit_R461   1821.5429    120.119     15.164      0.000      1586.112  2056.974
unit_R462    760.6084    121.093      6.281      0.000       523.268   997.949
unit_R463   1854.4811    118.220     15.687      0.000      1622.771  2086.191
unit_R464  -1679.8876    128.170    -13.107      0.000     -1931.098 -1428.677
unit_R468   -820.4147    121.428     -6.756      0.000     -1058.412  -582.417
unit_R469   -816.4232    122.105     -6.686      0.000     -1055.746  -577.100
unit_R535   -834.0571    118.216     -7.055      0.000     -1065.758  -602.357
unit_R536   -798.7369     95.184     -8.392      0.000      -985.295  -612.179
unit_R540  -1032.1432     25.880    -39.882      0.000     -1082.867  -981.419
unit_R541  -1142.0877     22.743    -50.217      0.000     -1186.664 -1097.512
unit_R542  -1164.2702     43.204    -26.948      0.000     -1248.950 -1079.591
unit_R543  -1192.8397     26.670    -44.726      0.000     -1245.112 -1140.567
unit_R544  -1202.6468     37.226    -32.306      0.000     -1275.610 -1129.684
unit_R545  -1160.0281     39.097    -29.671      0.000     -1236.657 -1083.399
unit_R546  -1015.9575     39.798    -25.528      0.000     -1093.960  -937.955
unit_R547  -1143.5686     57.996    -19.718      0.000     -1257.240 -1029.897
unit_R548  -1084.3928     65.865    -16.464      0.000     -1213.487  -955.298
unit_R549  -1228.4717     16.897    -72.702      0.000     -1261.590 -1195.353
unit_R550  -1197.3760     21.304    -56.205      0.000     -1239.131 -1155.621
unit_R551  -1174.3761     30.355    -38.688      0.000     -1233.872 -1114.881
unit_R552  -1087.2477     28.781    -37.777      0.000     -1143.658 -1030.837
hour_0      1884.2271     48.133     39.146      0.000      1789.887  1978.567
hour_1      1504.8144     48.546     30.998      0.000      1409.665  1599.964
hour_2      1633.2480     56.461     28.927      0.000      1522.585  1743.911
hour_3      1735.9258     57.927     29.967      0.000      1622.389  1849.462
hour_4       982.7203     48.140     20.414      0.000       888.368  1077.073
hour_5      1049.8317     48.522     21.636      0.000       954.730  1144.933
hour_6      1466.9818     56.345     26.036      0.000      1356.547  1577.417
hour_7      1380.8437     55.145     25.040      0.000      1272.761  1488.926
hour_8      1219.8357     48.557     25.122      0.000      1124.664  1315.007
hour_9      2152.3867     48.405     44.466      0.000      2057.513  2247.260
hour_10     1814.3984     56.015     32.392      0.000      1704.611  1924.186
hour_11     1730.8696     57.059     30.335      0.000      1619.035  1842.704
hour_12     3120.7611     48.173     64.783      0.000      3026.344  3215.178
hour_13     1988.9778     48.498     41.012      0.000      1893.923  2084.033
hour_14     1508.3569     54.246     27.806      0.000      1402.036  1614.678
hour_15     1736.7443     57.061     30.437      0.000      1624.906  1848.582
hour_16     2563.4904     48.198     53.187      0.000      2469.023  2657.957
hour_17     2427.2574     48.582     49.962      0.000      2332.037  2522.478
hour_18     2125.6181     56.543     37.593      0.000      2014.794  2236.442
hour_19     2011.3878     57.346     35.074      0.000      1898.990  2123.786
hour_20     3357.0342     48.181     69.676      0.000      3262.601  3451.468
hour_21     2506.8249     48.619     51.560      0.000      2411.532  2602.118
hour_22     1983.6997     56.473     35.126      0.000      1873.013  2094.386
hour_23     1787.3311     57.146     31.277      0.000      1675.327  1899.336
==============================================================================
Omnibus:                   125962.855   Durbin-Watson:                   1.558
Prob(Omnibus):                  0.000   Jarque-Bera (JB):         18625723.608
Skew:                           4.224   Prob(JB):                         0.00
Kurtosis:                      60.588   Cond. No.                     3.54e+15
==============================================================================

Warnings:
[1] Standard Errors assume that the covariance matrix of the errors is correctly specified.
[2] The smallest eigenvalue is 4.4e-23. This might indicate that there are
strong multicollinearity problems or that the design matrix is singular.
